((("프로그램" .
   [1 0 0 0])
  ("text" .
   [1 0 0 0])
  ("all" .
   [2 0 0])
  ("Post" .
   [1 0 0 0])
  ("aaaa" .
   [1 0 0 0])
  ("function" .
   [0 0 0 0 0 0 0 1])
  ("php" .
   [2 0 0])
  ("hoge" .
   [1 0 0 0])
  ("functio" .
   [2 0 0 0 0 0 0])
  ("$dbpass" .
   [1 0 0 0 0 0 0])
  ("$password" .
   [1 0 0 0 0 0 0 0 0])
  ("$dbuser" .
   [1 0 0 0 0 0 0])
  ("$user" .
   [1 0 0 0 0])
  ("$dbhost" .
   [1 0 0 0 0 0 0])
  ("$dbname" .
   [1 0 0 0 0 0 0])
  ("hogefuga" .
   [1 0 0 0 0 0 0 0])
  ("puts" .
   [1 0 3 11])
  ("for" .
   [3 0 0])
  ("do" .
   [11 0])
  ("end" .
   [9 0 2])
  ("max" .
   [1 0 0])
  ("defmodule" .
   [0 0 0 0 0 1 0 0 1])
  ("M" .
   [1])
  ("def" .
   [4 0 0])
  ("loop" .
   [2 0 0 1])
  ("times" .
   [2 0 0 0 0])
  ("array" .
   [1 0 0 1 3])
  ("if" .
   [1 0])
  ("IO" .
   [2 1])
  ("Enumerable" .
   [0 0 1 0 0 0 0 0 0 0])
  ("at" .
   [1 0])
  ("T" .
   [1])
  ("mult" .
   [3 0 0 0])
  ("defp" .
   [2 0 0 0])
  ("n" .
   [10])
  ("calc" .
   [4 0 0 0])
  ("c" .
   [1])
  ("-1" .
   [1 0])
  ("node" .
   [0 1 0 0])
  ("done" .
   [0 0 1 0])
  ("tmp" .
   [3 0 0])
  ("els" .
   [2 0 0])
  ("$id" .
   [3 0 0])
  ("$res" .
   [11 0 0 0])
  ("return" .
   [0 0 0 0 0 6])
  ("arra" .
   [3 0 0 0])
  ("Guide" .
   [1 0 0 0 0])
  ("$val" .
   [1 0 0 0])
  ("$guide" .
   [5 0 0 0 0 0])
  ("Model_Gu" .
   [0 0 0 0 0 0 0 1])
  ("Model_Guide" .
   [1 0 0 0 0 0 0 0 0 0 1])
  ("find_by_id" .
   [1 0 0 0 0 0 0 0 0 0])
  ("array_push" .
   [0 0 0 0 0 0 0 0 0 1])
  ("$guides" .
   [1 0 0 0 0 0 0])
  ("users" .
   [1 0 0 0 0])
  ("guide" .
   [1 0 0 0 0])
  ("Model_User" .
   [0 0 0 0 0 0 0 0 0 1])
  ("find" .
   [1 0 0 0])
  ("$sql" .
   [2 0 0 0])
  ("$dbh" .
   [1 0 0 0])
  ("$stmt" .
   [6 0 0 0 0])
  ("prepare" .
   [1 0 0 0 0 0 0])
  ("bindValue" .
   [2 0 0 0 0 0 0 0 0])
  ("exe" .
   [1 0 0])
  ("execute" .
   [1 0 0 0 0 0 0])
  ("$rows" .
   [2 0 0 0 0])
  ("fetchAll" .
   [1 0 0 0 0 0 0 0])
  ("PDO" .
   [2 0 0])
  ("FETCH" .
   [1 0 0 0 0])
  ("FETCH_ASSOC" .
   [1 0 0 0 0 0 0 0 0 0 0])
  ("var_dump" .
   [0 0 0 0 0 0 0 5])
  ("$name" .
   [2 0 0 0 0])
  ("PARAM" .
   [1 0 0 0 0])
  ("$content" .
   [1 0 0 0 0 0 0 0])
  ("$_POST" .
   [2 0 1 0 0 1])
  ("tri" .
   [3 0 0])
  ("trimh" .
   [1 0 0 0 0])
  ("ech" .
   [4 0 0])
  ("posted" .
   [2 0 0 0 0 0])
  ("htmlspecialchars" .
   [0 0 0 0 0 0 0 0 0 0 0 0 0 0 0 1])
  ("var_dum" .
   [4 0 0 0 0 0 0])
  ("fetch" .
   [1 0 0 0 0])
  ("$table" .
   [5 0 0 0 0 1])
  ("dropColumn" .
   [1 0 0 0 0 0 0 0 0 0])
  ("string" .
   [2 0 0 0 0 0])
  ("unsignedInteger" .
   [1 0 0 0 0 0 0 0 0 0 0 0 0 0 0])
  ("name" .
   [1 0 0 0])
  ("App" .
   [4 0 0])
  ("Repositories" .
   [1 0 0 0 0 0 0 0 0 0 0 0])
  ("namespac" .
   [1 0 0 0 0 0 0 0])
  ("DataAccess" .
   [1 0 0 0 0 0 0 0 0 0])
  ("Eloquent" .
   [1 0 0 0 0 0 0 0])
  ("User" .
   [2 0 0 0])
  ("clas" .
   [1 0 0 0])
  ("UserRepository" .
   [1 0 0 0 0 0 0 0 0 0 0 0 0 0])
  ("implement" .
   [1 0 0 0 0 0 0 0 0])
  ("UserRepositoryInterface" .
   [0 0 0 0 0 0 0 0 0 0 0 0 0 0 0 0 0 0 0 1 0 0 0])
  ("protec" .
   [1 0 0 0 0 0])
  ("protecte" .
   [1 0 0 0 0 0 0 0])
  ("$eloquent" .
   [2 0 0 0 0 0 0 0 2])
  ("publi" .
   [2 0 0 0 0])
  ("__constru" .
   [1 0 0 0 0 0 0 0 0])
  ("__construct" .
   [1 0 0 0 0 0 0 0 0 0 0])
  ("$this" .
   [3 0 0 0 0])
  ("eloquent" .
   [0 0 0 0 0 0 0 2])
  ("create" .
   [2 0 0 0 0 0])
  ("$params" .
   [2 0 0 0 0 0 0])
  ("$remail_text" .
   [1 0 0 0 0 0 0 0 0 0 0 1])
  ("TEXT" .
   [7 0 0 0])
  ("◯◯フォーム入力内容" .
   [1 0 0 0 0 0 0 0 0 0])
  ("$rema" .
   [1 0 0 0 0])
  ("$userBody" .
   [0 0 0 0 0 0 0 2 0])
  ("$key" .
   [4 0 0 0])
  ("$fillable" .
   [1 0 0 0 0 0 0 0 0])
  ("$catch" .
   [4 0 0 0 0 0])
  ("array_search$" .
   [1 0 0 0 0 0 0 0 0 0 0 0 0])
  ("$arr" .
   [1 0 0 0])
  ("false" .
   [2 0 0 0 0])
  ("下記の内容で承りました。" .
   [1 0 0 0 0 0 0 0 0 0 0 0])
  ("$remail_text_footer" .
   [1 0 0 0 0 0 0 0 0 0 0 0 0 0 0 1 0 0 0])
  ("この度はお問合せを頂き、誠にありがとうございました。" .
   [1 0 0 0 0 0 0 0 0 0 0 0 0 0 0 0 0 0 0 0 0 0 0 0 0 0])
  ("$remai" .
   [1 0 0 0 0 0])))
